                                         Breathing Problem     Fever  Dry Cough  Sore throat  Running 0se    Asthma  Chronic Lung Disease  Headache  Heart Disease  Diabetes  Hyper Tension  Fatigue   Gastrointestinal   Abroad travel  Contact with COVID Patient  Attended Large Gathering  Visited Public Exposed Places  Family working in Public Exposed Places  COVID-19
Breathing Problem                                 1.000000  0.089903   0.159562     0.303768     0.055190  0.075318             -0.098291 -0.062172      -0.073366  0.055427       0.045256  0.000561          -0.075390       0.117795                    0.214634                  0.200304                       0.066688                                 0.018295  0.443764
Fever                                             0.089903  1.000000   0.127580     0.322235     0.081758  0.073953             -0.025160 -0.035416      -0.031462  0.050286       0.079001 -0.060458          -0.008067       0.128726                    0.164704                  0.070490                       0.002252                                 0.012102  0.352891
Dry Cough                                         0.159562  0.127580   1.000000     0.213907    -0.030763  0.086843             -0.043664 -0.035912       0.047566 -0.006593       0.081989 -0.039909           0.008251       0.331418                    0.128330                  0.117963                       0.086176                                 0.163102  0.464292
Sore throat                                       0.303768  0.322235   0.213907     1.000000     0.039450  0.081377             -0.050440 -0.015971       0.002177  0.001938       0.042811 -0.023290           0.025886       0.205986                    0.189251                  0.216438                       0.079055                                 0.104378  0.502848
Running 0se                                       0.055190  0.081758  -0.030763     0.039450     1.000000 -0.022763             -0.014376  0.068479      -0.056750  0.042961      -0.020445  0.007026          -0.014673       0.034526                    0.003776                  0.061099                       0.032568                                -0.061323 -0.005657
Asthma                                            0.075318  0.073953   0.086843     0.081377    -0.022763  1.000000             -0.033771  0.037064       0.076783 -0.012060       0.017707  0.006564           0.101909       0.068286                    0.005046                 -0.044592                       0.020941                                -0.115679  0.089930
Chronic Lung Disease                             -0.098291 -0.025160  -0.043664    -0.050440    -0.014376 -0.033771              1.000000 -0.050480      -0.039860  0.046789      -0.010331 -0.047655          -0.050333      -0.088854                   -0.062482                 -0.020548                      -0.093049                                 0.038343 -0.056837
Headache                                         -0.062172 -0.035416  -0.035912    -0.015971     0.068479  0.037064             -0.050480  1.000000       0.048471  0.032390      -0.207489  0.052035           0.097778       0.043589                   -0.082101                 -0.162992                      -0.005790                                -0.012625 -0.027793
Heart Disease                                    -0.073366 -0.031462   0.047566     0.002177    -0.056750  0.076783             -0.039860  0.048471       1.000000 -0.032956       0.049139 -0.058925           0.004121      -0.020761                   -0.025593                 -0.045437                       0.086169                                 0.035000  0.027072
Diabetes                                          0.055427  0.050286  -0.006593     0.001938     0.042961 -0.012060              0.046789  0.032390      -0.032956  1.000000       0.042543 -0.043903           0.040651       0.039013                   -0.085696                 -0.061650                      -0.078212                                 0.097696  0.040627
Hyper Tension                                     0.045256  0.079001   0.081989     0.042811    -0.020445  0.017707             -0.010331 -0.207489       0.049139  0.042543       1.000000 -0.027605          -0.067972      -0.016382                    0.027307                  0.002911                       0.019174                                 0.048152  0.102575
Fatigue                                           0.000561 -0.060458  -0.039909    -0.023290     0.007026  0.006564             -0.047655  0.052035      -0.058925 -0.043903      -0.027605  1.000000           0.009356      -0.068401                   -0.027383                 -0.031058                      -0.009562                                -0.025623 -0.044188
Gastrointestinal                                 -0.075390 -0.008067   0.008251     0.025886    -0.014673  0.101909             -0.050333  0.097778       0.004121  0.040651      -0.067972  0.009356           1.000000       0.099577                    0.025277                 -0.017251                      -0.061885                                -0.027603 -0.003367
Abroad travel                                     0.117795  0.128726   0.331418     0.205986     0.034526  0.068286             -0.088854  0.043589      -0.020761  0.039013      -0.016382 -0.068401           0.099577       1.000000                    0.080210                  0.113399                       0.069609                                 0.143094  0.443875
Contact with COVID Patient                        0.214634  0.164704   0.128330     0.189251     0.003776  0.005046             -0.062482 -0.082101      -0.025593 -0.085696       0.027307 -0.027383           0.025277       0.080210                    1.000000                  0.234649                       0.079800                                 0.006909  0.357122
Attended Large Gathering                          0.200304  0.070490   0.117963     0.216438     0.061099 -0.044592             -0.020548 -0.162992      -0.045437 -0.061650       0.002911 -0.031058          -0.017251       0.113399                    0.234649                  1.000000                       0.083795                                 0.063776  0.390145
Visited Public Exposed Places                     0.066688  0.002252   0.086176     0.079055     0.032568  0.020941             -0.093049 -0.005790       0.086169 -0.078212       0.019174 -0.009562          -0.061885       0.069609                    0.079800                  0.083795                       1.000000                                 0.028486  0.119755
Family working in Public Exposed Places           0.018295  0.012102   0.163102     0.104378    -0.061323 -0.115679              0.038343 -0.012625       0.035000  0.097696       0.048152 -0.025623          -0.027603       0.143094                    0.006909                  0.063776                       0.028486                                 1.000000  0.160208
COVID-19                                          0.443764  0.352891   0.464292     0.502848    -0.005657  0.089930             -0.056837 -0.027793       0.027072  0.040627       0.102575 -0.044188          -0.003367       0.443875                    0.357122                  0.390145                       0.119755                                 0.160208  1.000000